MEDIUM
Best: [[94359.66666666667], [94359.66666666667], [94359.66666666667], [94359.66666666667], [94359.66666666667], [94359.66666666667], [94359.66666666667], [94282.66666666667], [94207.66666666667], [94199.66666666667], [93828.0], [93828.0], [93828.0], [93828.0], [93828.0], [93608.33333333333], [92870.33333333333], [92870.33333333333], [92870.33333333333], [92870.33333333333], [92870.33333333333], [92870.33333333333], [92870.33333333333], [92870.33333333333], [92870.33333333333], [92870.33333333333], [92870.33333333333], [92870.33333333333], [92870.33333333333], [92843.33333333333], [92843.33333333333], [92843.33333333333], [92843.33333333333], [92843.33333333333], [92843.33333333333], [92843.33333333333], [92843.33333333333], [92843.33333333333], [92843.33333333333], [92843.33333333333], [92843.33333333333], [92843.33333333333], [92843.33333333333], [92843.33333333333], [92777.66666666667], [92777.66666666667], [92777.66666666667], [92777.66666666667], [92777.66666666667], [92777.66666666667]]
Avg: [[98419.39], [98053.22666666668], [97887.96666666662], [97356.75999999997], [97548.2466666667], [97722.09666666666], [97616.78000000001], [97435.22999999998], [97574.91], [97439.53666666662], [96935.08000000002], [97138.77999999997], [97269.92666666667], [97292.71999999996], [96826.38], [96670.58999999998], [96670.41666666666], [96713.07666666668], [96498.62333333331], [96445.10333333333], [96362.80333333334], [96473.88333333335], [96445.24666666663], [96346.26333333332], [96451.42666666667], [96338.6], [96135.93999999996], [96229.80333333332], [96110.77999999997], [95966.38000000006], [96183.41666666666], [96288.49666666664], [96248.27333333335], [96040.32333333338], [96343.35333333329], [96233.59333333335], [96399.00666666665], [96450.44999999998], [96296.42333333335], [96512.68000000002], [96622.22999999998], [96292.68999999994], [96475.77333333335], [96220.86000000002], [96101.87333333334], [96089.44333333337], [96063.50000000001], [95792.34666666664], [95739.51666666669], [95794.75999999998]]

HIGH
Best: [[93990.0], [92164.33333333333], [92164.33333333333], [92164.33333333333], [92071.66666666667], [92017.0], [91661.33333333333], [91661.33333333333], [91661.33333333333], [91661.33333333333], [91527.66666666667], [91471.33333333333], [91471.33333333333], [91471.33333333333], [91471.33333333333], [91471.33333333333], [91471.33333333333], [91471.33333333333], [91318.33333333333], [90038.0], [90038.0], [90038.0], [90038.0], [90038.0], [90038.0], [90038.0], [90038.0], [90038.0], [90038.0], [90038.0], [90038.0], [90038.0], [90038.0], [90038.0], [90038.0], [90038.0], [90038.0], [90038.0], [90038.0], [90038.0], [90038.0], [90038.0], [90038.0], [90038.0], [90038.0], [90038.0], [90038.0], [90038.0], [90038.0], [90038.0]]
Avg: [[97993.29], [97442.80000000002], [97404.31999999998], [97216.41666666669], [97015.56333333334], [96830.36666666665], [97014.78333333334], [97096.18], [97404.49666666664], [97395.25333333334], [97355.5666666667], [96904.63], [96594.00333333341], [96931.79000000002], [96449.67666666667], [96623.23333333332], [96639.93666666666], [96728.61333333336], [96276.72333333333], [96533.82], [96841.48], [96735.3933333333], [96483.18], [96956.96], [96772.78333333334], [96728.34666666668], [97028.84666666664], [96931.11999999998], [96656.43999999999], [96682.11000000004], [96640.77333333329], [96463.36666666668], [96485.68666666665], [96435.07666666668], [96522.92666666668], [96532.45000000001], [96293.48666666666], [97007.16000000003], [97148.31333333332], [96765.20333333332], [96982.77666666666], [97134.53666666667], [96911.89666666664], [97028.35666666667], [96919.46666666667], [97155.05666666669], [97158.71333333336], [97273.5066666667], [96810.61666666665], [97143.59666666668]]
